ks: 1.0
tu: 1.71
tg: 7.61
ManuellDim
kr: 5.333333333333333
tn: 3.42
tv: 0.7182
tp: 0.007181999999999999
topo: PID
